107,14
254,36
254,35
0,510
210,7
210,11
210,22
0,314
210,18
0,437
0,436
210,16
0,432
0,412
210,14
0,411
0,407
210,21
0,404
0,395
210,28
0,385
0,575
210,23
0,568
208,1
208,0
207,6
207,5
207,4
207,3
207,2
207,1
207,0
206,6
206,5
206,4
206,3
206,2
206,1
206,0
205,6
205,5
205,4
205,3
205,2
205,1
205,0
204,10
204,9
204,8
204,7
204,6
204,5
204,4
204,1
203,6
203,5
203,4
203,1
202,11
202,10
202,1
110,12
110,11
110,10
110,9
110,1
107,76
107,75
107,74
107,73
107,72
107,71
107,70
107,69
107,68
107,67
107,66
107,65
107,64
107,63
107,62
107,61
107,60
107,59
107,58
107,57
107,56
107,55
107,54
107,53
107,52
107,51
107,50
107,49
107,48
107,47
107,46
107,45
107,44
107,43
107,42
107,41
107,40
107,39
107,38
107,37
107,36
107,35
107,34
107,33
107,32
107,31
107,30
107,29
107,28
107,27
107,26
107,25
107,24
107,23
107,22
107,21
107,20
107,19
107,18
107,17
107,16
107,15
107,13
107,12
107,11
107,10
107,9
107,8
107,7
107,6
107,5
107,4
107,1
104,27
104,26
104,25
104,24
104,23
104,22
104,21
104,20
104,19
104,18
104,17
104,16
104,15
104,14
104,13
104,12
104,8
104,1
49,6
49,5
49,1
14,104
14,103
14,102
14,101
14,100
14,99
14,98
14,97
14,96
14,95
14,94
14,93
14,92
14,91
14,90
14,89
14,88
14,87
14,86
14,85
14,84
14,1
13,5
13,4
13,1
0,573
0,572
0,570
0,560
0,420
0,419
0,0
254,34
254,33
254,32
254,31
254,30
254,29
254,28
254,27
254,26
254,25
254,24
254,23
254,22
254,21
254,20
254,19
254,18
254,17
254,16
254,15
254,14
254,13
254,12
254,11
254,10
254,9
254,8
254,7
254,6
254,5
254,4
254,3
254,2
254,0
0,537
0,505
0,561
0,552
0,541
0,532
0,548
0,276
0,275
0,272
0,271
0,529
0,12
0,438
0,10
0,512
0,8
0,501
0,484
0,268
0,500
0,429
0,267
0,483
0,428
0,266
0,482
0,403
0,265
0,516
0,426
0,264
0,535
0,481
0,263
0,499
0,480
0,262
0,550
0,425
0,261
0,478
0,424
0,260
0,477
0,416
0,259
0,526
0,422
0,258
0,525
0,476
0,257
0,497
0,474
0,256
0,496
0,421
0,255
0,473
0,319
0,254
0,472
0,534
0,253
0,524
